Webots Project File version R2019b
perspectives: 000000ff00000000fd00000003000000000000016c000003b5fc0100000002fb0000001e00480074006d006c0052006f0062006f007400570069006e0064006f007700000000000000016c0000000000000000fb0000001a0044006f00630075006d0065006e0074006100740069006f006e0000000000ffffffff0000006900ffffff00000001000003cc00000241fc0200000001fb0000001400540065007800740045006400690074006f00720100000016000002410000008900ffffff000000030000078000000172fc0100000001fb0000000e0043006f006e0073006f006c00650100000000000007800000006900ffffff000003b20000024100000001000000020000000100000008fc00000000
simulationViewPerspectives: 000000ff000000010000000200000000000003340100000002010000000100
sceneTreePerspectives: 000000ff0000000100000002000000c0000000000100000002010000000200
maximizedDockId: -1
centralWidgetVisible: 1
renderingMode: PLAIN
selectionDisabled: 0
viewpointLocked: 0
orthographicViewHeight: 1
textFiles: 1 "controllers/Pioneer/Pioneer.cpp" "controllers/Pioneer/Rescue.cpp" "controllers/Pioneer/Rescue.h"
renderingDevicePerspectives: pioneer2:camera_f;1;0.63125;0.2;0.0014771
renderingDevicePerspectives: pioneer2:camera_s;1;1;0.00243902;0.0014771
